Neural network weights for Predators

1. 
This predator has been by far the best predator, eating 17 preys before dying because it couldn't find anymore prey

[ 2.99949368 -0.97002945  1.98574392 -0.18904624 -1.7302088  -0.12638115
 -0.02332657  0.48288889  1.39335731 -0.95377547 -0.43867853  0.36212649
 -1.806181    0.92020857  0.12247861  0.81605949 -0.98632034 -0.49630615
 -0.04584045  1.1739074   0.72645435  0.17946507 -0.7687987   1.00421827
  0.18066693  1.13011586  0.59977346  0.11503953 -1.58438223 -0.48791586
 -0.27726845  0.6618786   0.25704191 -0.7701125   1.19823151 -2.09814209
  0.822697   -0.13053613 -1.10258975  2.63956907  0.76750714 -0.51979538]

2.
This predator moves to the prey, but doesn't eat so it just dies
[ 0.35614305 -2.58494525 -1.07929944 -0.78351164  0.30138268 -0.76124462
 -3.22261681  1.3842419   1.46255088 -1.1988629  -1.37817746 -3.53538857
 -1.97376113  1.15252292  0.18212625 -0.37798794  0.29585756  1.06107327
  0.07882064 -0.10647884  0.23745388 -1.0067872  -1.44433022 -0.12004881
 -0.65473232  0.72027377 -1.3588301   0.7531014  -1.45066384  1.8714943
  0.05926162  0.23012553  1.20567285  2.13268846 -2.27033687 -0.99456072
 -1.71316157 -0.77483541 -0.17277961 -0.50535765  0.28960348 -0.01712266]

 