Iterations : 500 
Max gen pred : 32 
Predators left : 2 
Preys left : 86 
Predator Neural Nets : 
[-0.42453892 -0.06983044 -0.44932819  0.25251936  0.27784614 -0.85369404
 -0.05331052 -1.41109091 -0.28154876 -0.87590002 -0.29859655 -0.45350122
 -0.57677651 -1.21556385  0.73438176  1.22151287 -0.53923292  0.49348239
 -0.79414084  0.35639812 -0.89870789 -0.40171089 -0.99939589  1.67940384
 -0.62849565 -0.63245973  0.43706648 -0.10363285 -0.60782647  2.05966694
  0.66040862 -0.98998234 -2.66244986 -0.75682887  0.88309247  0.87834283
 -1.46770202  0.03113968  0.70458862 -0.43255375  0.43468659  0.01995168
 -0.3962826  -1.04252273 -0.17044298  1.12446732  0.33075687  1.12469714
 -1.16547126 -0.4239333   1.18135707 -0.5118335  -0.24514923 -2.02112513
 -0.01359766  2.03123225  1.19053298  0.28171318 -1.54489523  0.14927421
  0.20100239  0.36267083  0.13545645 -0.12282773 -0.71379797  0.38213588
 -1.5670213  -0.35633229 -0.47142214 -0.23774936  0.66399268  0.06634356
  0.75793892  1.06060942 -1.04339677 -0.73082336 -0.19795583 -1.21172011
 -0.40704196 -0.00787102  0.96235253  0.27273448  1.65028504  0.46981362
 -0.1397637   1.79542496 -1.14518683 -0.10643964  0.33718284  2.08937663
 -0.2382279  -0.26704117 -2.00349827  0.03318364 -1.18472548 -1.03864087
  0.47539683 -0.98713542 -0.76728874  0.30875366  1.84908257 -0.7486556
 -0.32030765 -0.14504197  0.70053739  0.24329174 -1.08225691  0.27074474]
[ 0.37425073  0.57839321 -2.06179379 -1.75055544  0.36443559 -1.07592482
  0.20551547  0.33237615  0.5211384   0.01685182  1.41460934  0.29683582
  0.8761158  -0.32518067 -2.30175929  0.43312597  0.25048138 -0.66267136
 -1.28958047  0.13344005 -0.11393712  1.3354552   1.08991082  1.84548886
 -0.81696916  1.27702964 -0.19451714  0.67238318 -0.00847892 -0.07656329
 -1.52164133  0.01960478 -1.98100678 -0.52537906 -1.12556793 -1.60655378
 -0.67061753  1.05397309 -0.85011359 -0.27123196  0.57651412 -1.76523213
  1.24036682 -0.40170878 -0.72712315  1.26111251  0.87808209 -1.02101047
  0.56401972 -0.22476542 -0.3170076   0.99805457  2.38819586 -0.02059126
 -0.09860294 -0.1361319   0.66676009 -0.29445576 -0.48350182  0.68134686
  1.259624    0.21190437  1.25661548  0.20177343  0.41049579 -1.3903628
 -0.05159439 -0.44506315 -0.14667766 -0.42732931 -0.31071884 -0.01722216
  0.69880518 -0.35684302 -0.59246774 -1.08331234 -0.15374699  1.49557569
 -0.87106298 -0.55116878  0.10012562 -0.45972952 -0.40453153 -0.01659188
  0.58077767  0.02864594  1.39494109  0.17845149  0.83202459 -1.31509898
 -0.50771686 -2.00457579  0.66385742 -0.60005672  1.48252635  0.3429654
  0.45770569 -0.80223452  0.60928735  1.20404197 -0.73978769 -1.56666364
  0.05907603  0.82979181  0.29183926  0.13355438  0.93167999  0.41846848]
